996385715431886854
995352345994244097
994655947451662336
994544563569209344
996505755913216002
996484326207426560
996481856357978113
996479700850667520
996457329322283009
996445037788528640
996417574987591680
996417251891871745
996416715654352896
996169064236990464
996167462700830720
996162612529434625
996140543355699201
996134478430048257
996134070596915202
996091837764067329
996086986434793472
996082267242954753
996061188663296002
996060646360805376
996039304785821696
996014735639306240
996011681489833984
995901193405820928
995867655348277249
995819256188039168
995808391632179200
995801179048284161
995793775728328706
995780756990447618
995754448046776320
995751773674622977
995681730873917441
995667546241200129
995660182028943361
995586095344734208
995515662981361664
995475295401541633
995469654289272832
995468050139840512
995460502208704513
995456742464016384
995448304170340352
995424717766037504
995424415360876544
995424084040306688
995422028357427201
995420797308059648
995419962499051521
995400098124361728
995381943129653249
995358344637566977
995352304365617153
995349742338048000
995349521524822016
995345066028883970
995341700452225026
995337943433777152
995337056371945473
995332660393398272
995331195893403654
995330335251480577
995321723955433472
995319819703672832
995317957160030214
995316131111100418
995311285934927872
995309907128864772
995305139543126018
995303008035639296
995301078076882945
995298381047259137
995297650005209089
995297237407354891
995296379697225730
995295964771569664
995295903215968257
995286215728476161
995229851924643840
995221125511761920
995183197607677952
995175558769082369
995174006352502784
995149197509709824
995141795683151872
995141002531885056
995134604263809024
995125757977530374
995110651751055361
995090281396551680
995089838398361600
995076341803487234
995074827101728768
995067928147087360
995063921936666624
995055282173726721
995049870485606401
995038355241996288
995024685543772160
994994179888500736
994982442833358848
994970470003937281
994950756896686080
994935283064815617
994916387310264320
994808897016877056
994799699902255104
994783393471717382
994755887477788672
994728062716665856
994713320421838848
994707212353392640
994706462088851456
994701134332874752
994699405667328004
994692865996546048
994690813757181955
994684379761905670
994661924259422210
994658379669766144
994653675162423298
994653556090327042
994650833668067328
994647686648352768
994647336251899905
994641407930454016
994640049957429248
994638314345938944
994632258966376448
994626661734854656
994615969740869632
994604540082171904
994603461554601984
994599855476674560
994571250768007168
994556569131147264
994535719375921153
994450722497466369
994430909851021312
994417743184134145
994327628101304320
994304120738713602
994259913076563968
994220364929617920
994056532357763072
993930935467945984
993752850420256768
993747586375823360
993731237284986882
993700780464115713
993630281335746561
993219975681925122
996385715431886854
995352345994244097
994655947451662336
994544563569209344
996505755913216002
996484326207426560
996481856357978113
996479700850667520
996457329322283009
996445037788528640
996417574987591680
996417251891871745
996416715654352896
996169064236990464
996167462700830720
996162612529434625
996140543355699201
996134478430048257
996134070596915202
996091837764067329
996086986434793472
996082267242954753
996061188663296002
996060646360805376
996039304785821696
996014735639306240
996011681489833984
995901193405820928
995867655348277249
995819256188039168
995808391632179200
995801179048284161
995793775728328706
995780756990447618
995754448046776320
995751773674622977
995681730873917441
995667546241200129
995660182028943361
995586095344734208
995515662981361664
995475295401541633
995469654289272832
995468050139840512
995460502208704513
995456742464016384
995448304170340352
995424717766037504
995424415360876544
995424084040306688
995422028357427201
995420797308059648
995419962499051521
995400098124361728
995381943129653249
995358344637566977
995352304365617153
995349742338048000
995349521524822016
995345066028883970
995341700452225026
995337943433777152
995337056371945473
995332660393398272
995331195893403654
995330335251480577
995321723955433472
995319819703672832
995317957160030214
995316131111100418
995311285934927872
995309907128864772
995305139543126018
995303008035639296
995301078076882945
995298381047259137
995297650005209089
995297237407354891
995296379697225730
995295964771569664
995295903215968257
995286215728476161
995229851924643840
995221125511761920
995183197607677952
995175558769082369
995174006352502784
995149197509709824
995141795683151872
995141002531885056
995134604263809024
995125757977530374
995110651751055361
995090281396551680
995089838398361600
995076341803487234
995074827101728768
995067928147087360
995063921936666624
995055282173726721
995049870485606401
995038355241996288
995024685543772160
994994179888500736
994982442833358848
994970470003937281
994950756896686080
994935283064815617
994916387310264320
994808897016877056
994799699902255104
994783393471717382
994755887477788672
994728062716665856
994713320421838848
994707212353392640
994706462088851456
994701134332874752
994699405667328004
994692865996546048
994690813757181955
994684379761905670
994661924259422210
994658379669766144
994653675162423298
994653556090327042
994650833668067328
994647686648352768
994647336251899905
994641407930454016
994640049957429248
994638314345938944
994632258966376448
994626661734854656
994615969740869632
994604540082171904
994603461554601984
994599855476674560
994571250768007168
994556569131147264
994535719375921153
994450722497466369
994430909851021312
994417743184134145
994327628101304320
994304120738713602
994259913076563968
994220364929617920
994056532357763072
993930935467945984
993752850420256768
993747586375823360
993731237284986882
993700780464115713
993630281335746561
993219975681925122
